2.2267 2.7942 1
-3.5423 -3.2493 1
3.7532 3.1281 1
-4.3787 0.0012 1
-2.3134 -2.3271 1
-1.1207 -2.8361 1
-2.2936 -6.6091 1
-1.0292 4.0046 1
-2.8583 -3.1758 1
1.4776 3.5814 1
-5.2804 -1.4279 1
-3.5197 -1.9373 1
-1.8301 3.2072 1
-2.9120 -6.5060 1
3.1769 2.6044 1
-4.1790 -2.9543 1
1.8638 4.5610 1
-1.1296 1.9048 1
-2.8838 -1.4203 1
-0.8526 -6.3212 1
-5.3364 -4.6607 1
5.1396 4.3929 1
-1.6815 -6.5302 1
6.1606 2.1735 1
-2.8646 -1.5200 1
6.1965 0.5801 1
-2.2954 -6.3839 1
-0.2054 -4.5039 1
-1.2200 -2.5004 1
1.7617 -4.6869 1
1.1574 -6.4949 1
-2.8092 3.7146 1
-4.2100 -2.5840 1
4.0478 3.7487 1
3.6980 4.7747 1
2.2155 2.8314 1
3.0912 5.2282 1
-1.2464 -4.3994 1
3.7931 1.7559 1
7.8614 0.0679 1
-2.9332 -5.1627 1
2.8504 1.8357 1
-1.3892 2.3828 1
1.3775 2.2051 1
0.2183 3.9000 1
4.0874 2.5747 1
2.0718 2.0593 1
-2.1783 -5.4874 1
-0.6961 3.2836 1
6.0889 2.2499 1
-1.5769 -5.3123 1
-0.2388 -6.4544 1
-2.4016 -0.5822 1
-3.9711 -2.3299 1
-1.4753 -6.6636 1
0.1337 -7.0416 1
4.1222 2.2492 1
-1.6217 -5.7004 1
-2.5557 -5.1960 1
-3.4240 -5.6981 1
1.1216 4.3014 1
-1.9221 -0.2673 1
-4.4514 0.9767 1
-1.6518 -1.8180 1
-3.4535 0.4190 1
-1.7310 1.1563 1
-0.5825 0.3677 1
-0.5847 -4.8475 1
-2.6408 1.7342 1
8.3601 0.6419 1
-3.4253 -2.0528 1
1.3390 4.1806 1
-1.6163 3.7217 1
-0.8900 -0.2571 1
-5.6272 1.5672 1
-4.8190 -0.2496 1
5.4278 2.7232 1
-4.4645 -0.5766 1
-4.8034 -0.2307 1
0.9659 1.3662 1
-1.6214 -5.6005 1
-1.9135 -6.7643 1
-0.9774 4.0965 1
4.7591 1.2749 1
-0.7784 0.1824 1
-3.3574 -3.2085 1
-4.9153 -0.0025 1
-1.7198 -5.0720 1
5.6159 2.4328 1
3.7841 4.5865 1
-5.4751 -2.3567 1
-1.4737 3.0712 1
-2.7605 1.2532 1
0.7719 2.3093 1
-1.5305 -5.8495 1
1.3336 3.9282 1
-1.6279 2.4384 1
0.6615 2.8379 1
5.4590 -0.9150 1
-1.8518 0.8302 1
1.2772 3.7173 1
-2.6614 -1.1909 1
4.1201 3.7046 1
-3.7664 -2.6744 1
1.1274 3.4122 1
-3.4332 -5.2803 1
-3.6017 -4.2870 1
-2.6284 1.5486 1
-0.8211 -4.0273 1
-4.0244 -2.2396 1
0.8892 1.7355 1
-2.7183 3.0778 1
-2.5046 2.4029 1
4.9710 2.7242 1
6.8011 2.7814 1
0.2263 -4.9392 1
-3.1113 -5.4900 1
-1.4337 7.6090 1
1.7818 4.5225 1
-2.2311 -4.0107 1
-0.4593 -6.0207 1
5.6059 1.0512 1
2.9137 2.3268 1
-3.8972 -1.1055 1
2.9524 4.7750 1
5.7754 3.5935 1
-0.0872 -6.1203 1
-2.0893 -6.9000 1
9.5111 -0.1443 1
-1.3079 2.4694 1
1.7085 3.4041 1
-3.8974 1.3134 1
-3.3309 0.0655 1
-2.4841 -4.2389 1
3.5179 1.3825 1
-2.8940 -4.5182 1
-2.0609 0.7241 1
4.8398 -0.1419 1
-1.5711 -6.6949 1
6.2047 0.4666 1
0.5859 2.5515 1
-1.9237 -4.6319 1
-0.9439 0.0960 1
-1.9629 -7.7371 1
-0.2263 0.0297 1
-6.7728 -1.6211 1
-4.1480 -3.9299 1
7.4295 1.3570 1
-2.7871 -4.1662 1
-2.9294 -6.0045 1
5.5032 -0.5372 1
0.2454 1.4835 1
-0.4047 3.0053 1
-1.7549 1.9829 1
3.3499 3.0083 1
-2.4135 2.0865 1
3.2912 4.0483 1
-2.6335 -2.8211 1
-2.7808 1.1955 1
-0.2433 2.9994 1
-1.4429 0.3048 1
0.7527 2.0252 1
-2.1757 -4.0428 1
-1.2723 -4.5288 1
-1.2912 1.6784 1
6.3778 1.8244 1
-1.0336 3.7444 1
-1.7843 -0.4066 1
-3.1787 -0.1413 1
2.6038 2.5745 1
2.4764 5.1029 1
-2.6829 -5.8517 1
-3.1232 -2.6853 1
4.2791 0.1498 1
-1.2335 3.0657 1
-3.5553 -4.7964 1
7.6320 1.7882 1
2.4289 2.1989 1
-0.9089 3.1978 1
-1.1234 1.0230 1
4.5329 4.3590 1
0.4919 3.0343 1
-2.2257 0.1075 1
0.4166 2.9114 1
0.5498 4.3871 1
2.4175 4.3511 1
-0.9688 -7.8214 1
-4.9757 -0.7262 1
-2.7827 -2.9191 1
2.9513 0.8076 1
3.5867 0.7563 1
-3.8003 2.2192 1
-0.6343 2.5170 1
-6.1261 1.0075 1
-4.0361 -3.3667 1
7.9800 2.8764 1
-1.9636 2.9583 1
-4.7413 -4.3158 1
0.6443 -4.5551 1
-0.5619 -6.3732 1
-0.1788 3.6524 1
-1.5502 0.0765 1
-0.2120 0.2090 1
4.5009 -0.0742 1
5.7680 -0.6162 1
-3.0598 -4.4200 1
4.2303 4.5855 1
-3.0188 -4.1500 1
-3.5970 0.7884 1
-2.4884 -0.2545 1
-2.5763 -7.6820 1
-3.0961 -4.4849 1
-1.4400 -3.6850 1
-2.3757 0.9467 1
2.2430 2.2927 1
4.4675 1.7115 1
-3.8760 -2.6575 1
5.5639 -0.3725 1
-1.0516 1.2762 1
0.4755 3.1144 1
3.7957 1.8042 1
-2.5893 -0.9435 1
3.9392 0.2939 1
5.7928 0.2948 1
3.9391 1.6113 1
1.4195 1.4924 1
7.6884 -0.3930 1
1.8626 -6.6945 1
5.0733 5.9147 1
0.2683 2.8008 1
2.4855 3.5531 1
-4.1964 -2.3529 1
-2.8274 2.2242 1
-0.4622 0.9161 1
-3.1196 -0.7127 1
-2.3686 1.8893 1
0.7386 3.5319 1
5.2502 1.7760 1
-2.3949 -4.5782 1
-2.8097 -5.1275 1
2.4000 3.0483 1
-1.0941 1.2668 1
3.5054 0.4977 1
5.2784 2.1178 1
-2.5341 -2.7976 1
-1.8790 -4.5320 1
-0.8118 2.2567 1
4.4083 1.4930 1
5.8959 0.8308 1
4.6250 1.4931 1
-2.4165 1.2195 1
-4.3515 0.8187 1
-5.2073 -0.3119 1
0.2850 3.5876 1
-4.1077 -4.1895 1
3.0267 2.5289 1
-3.2128 3.2065 1
-3.6819 -6.5068 1
-0.0636 2.1579 1
-2.6732 -2.2872 1
-2.2978 1.4173 1
3.9417 2.9092 1
0.9120 3.1167 1
-3.3998 -5.1969 1
2.1035 2.8158 1
-1.8491 -6.4322 1
5.2115 3.6524 1
-2.5542 -7.0154 1
4.6028 0.0274 1
1.1844 2.5336 1
1.8401 1.8554 1
4.6496 1.9813 1
-4.9715 -3.6190 1
-4.1110 4.3916 1
1.2854 3.6506 1
-2.3856 -4.4632 1
-1.0331 2.7128 1
4.6026 2.7370 1
-2.8752 -3.4075 1
-4.1269 2.7659 1
-1.0362 -0.8447 1
-3.6253 1.5797 1
0.1101 -7.9334 1
-0.0366 6.0479 1
-3.2269 0.2471 1
-2.0010 -0.1814 1
7.1546 -1.4551 1
-3.1491 -0.2935 1
-2.9001 -0.3593 1
-1.5716 1.4212 1
-3.6756 -0.3822 1
-1.9072 -7.0916 1
4.7809 2.3624 1
5.1083 2.8758 1
-4.2185 0.2387 1
-1.2165 -3.1648 1
-2.4012 -5.2414 1
-2.2989 -0.9461 1
-2.9423 -4.7544 1
-2.8736 -1.2116 1
-1.7262 -3.2826 1
0.0135 -6.1819 1
3.2657 4.5609 1
-4.6235 0.2855 1
9.0577 0.7380 1
-2.4749 -4.2843 1
-1.7772 -0.2450 1
-2.5592 -2.5803 1
6.7592 -1.0962 1
4.7000 1.6438 1
-4.8266 -4.8738 1
-3.5742 -2.1952 1
-3.3786 -2.5985 1
-2.4166 0.8774 1
-4.6165 -1.9405 1
-1.8681 -7.9440 1
-3.8766 -2.6404 1
4.2026 1.9630 1
-0.9480 -3.4134 1
-4.4675 -6.0952 1
0.5216 3.4310 1
4.1916 2.7249 1
-3.2093 -2.3250 1
0.2765 -6.0459 1
3.3583 2.6977 1
-2.3761 -2.8778 1
-1.6845 -1.0318 1
4.6617 0.2091 1
4.2013 0.2328 1
-3.3754 3.5540 1
1.4591 1.2603 1
2.8883 2.5167 1
0.1689 6.4077 1
2.1202 2.3161 1
-1.6603 3.0022 1
3.2007 3.1899 1
0.1260 -6.0502 1
-2.4616 1.5110 1
-3.7259 -4.3514 1
2.8199 4.0471 1
-4.2539 -3.7646 1
4.0774 1.2251 1
1.5324 2.6805 1
-0.2713 -7.7703 1
-3.3489 -3.7820 1
-0.8282 2.3027 1
3.7544 1.6975 1
1.6440 3.5069 1
2.5395 1.9280 1
1.1258 4.5487 1
2.8516 2.6241 1
5.9243 1.4591 1
-0.5685 0.8852 1
4.7691 3.1432 1
0.2371 3.7338 1
-2.4354 3.1320 1
-0.0334 -2.2813 1
3.9745 4.7282 1
6.6151 0.4111 1
0.4571 4.0686 1
-2.5454 0.0032 1
6.5597 -0.1336 1
1.1931 -4.4272 1
-1.7067 -3.1091 1
0.7081 4.1658 1
2.6172 4.1127 1
-4.0439 -0.4947 1
0.3730 2.8123 1
0.0168 2.5536 1
2.7243 0.5048 1
-1.1716 3.9412 1
4.0065 -0.5767 1
0.1704 1.5979 1
5.7038 0.0877 1
5.6483 2.4277 1
-0.7216 0.8557 1
-3.7604 -3.8299 1
-2.1515 -0.0286 1
-2.8973 -6.3048 1
0.3691 2.8927 1
-1.4206 2.1770 1
-1.1677 -2.9614 1
3.4545 1.0812 1
3.7937 2.5247 1
7.3407 -0.5521 1
-3.9625 0.9491 1
-0.9658 -2.0167 1
-3.7553 0.0007 1
1.4181 2.7855 1
-2.5116 -1.2584 1
1.2132 2.2927 1
-0.1360 1.7906 1
-3.5969 3.8533 1
-0.9730 1.2080 1
-0.2839 5.2399 1
3.2530 1.6350 1
-0.0591 4.8729 1
3.8315 5.1702 1
-4.1693 -3.7460 1
-0.3765 2.4241 1
-1.9490 1.6417 1
4.2669 1.8682 1
3.3690 0.8101 1
-3.3683 -0.4977 1
-3.7290 -6.0762 1
-3.4601 2.5849 1
2.4228 3.6319 1
-0.6381 3.1362 1
0.9506 2.5633 1
-4.4898 0.2800 1
-5.8723 -3.6697 1
3.9997 1.8631 1
-1.6137 -0.8434 1
3.8873 1.8064 1
-1.6231 2.4900 1
-3.4869 -2.5366 1
1.7148 5.2221 1
-1.4776 -7.9085 1
-3.0155 3.0418 1
-4.5488 0.6982 1
5.8481 -0.7809 1
-1.5365 -6.5851 1
4.2455 -0.1071 1
-2.6875 -0.6337 1
5.8332 1.6256 1
0.8812 5.2515 1
-3.3982 -4.9220 1
-2.3802 -3.7181 1
2.2835 5.0562 1
-2.3629 -1.9015 1
-3.3001 -3.3356 1
-0.0856 1.7144 1
4.9190 -1.9441 1
6.6836 1.9098 1
-0.3054 3.0985 1
-1.6810 -2.6603 1
2.5260 4.2585 1
-3.5649 -3.7266 1
4.7801 4.2804 1
3.3541 0.8223 1
-1.7765 3.3044 1
0.7259 4.6921 1
0.4584 3.7393 1
0.0300 1.5979 1
8.3143 1.0987 1
5.9627 0.2640 1
4.1949 2.8082 1
-1.0780 -7.0871 1
0.3739 3.2810 1
2.4790 2.1939 1
-2.1813 -4.2930 1
-0.6872 4.8532 1
-3.1268 -1.0875 1
-3.0125 1.5151 1
-5.2234 -2.5034 1
0.7414 1.4214 1
2.7339 -0.0764 1
-3.6056 -1.0091 1
-0.4279 3.4568 1
-0.0790 4.3580 1
1.7793 0.8308 1
3.8510 4.3027 1
5.4863 2.4553 1
-0.2266 1.1984 1
-1.8643 -5.9858 1
-2.7611 -3.3890 1
-2.7046 -3.5927 1
-2.5983 1.3164 1
-0.2258 3.7125 1
-3.3030 -3.1023 1
0.4310 4.5760 1
-3.4877 0.8456 1
-4.5167 -4.2594 1
6.0469 -0.6745 1
-2.7994 -3.2948 1
-2.8841 -6.1716 1
-2.6745 -2.1812 1
-2.0398 -5.6216 1
-4.0119 3.7076 1
-5.0031 -2.9461 1
6.5857 0.1887 1
-2.7464 -2.9479 1
2.6346 1.8448 1
-2.3431 -6.3597 1
6.9946 -0.7737 1
-1.3390 3.3764 1
-0.5456 -5.4302 1
2.3849 3.8922 1
1.1861 3.1015 1
-1.5834 0.5504 1
8.4621 1.1970 1
5.1770 1.0222 1
-4.3276 -2.2603 1
-2.1374 1.4798 1
4.4331 1.0185 1
7.4618 3.3718 1
-0.4399 3.4764 1
-5.6286 -2.1760 1
-4.6087 0.0188 1
-2.8089 -0.4829 1
0.2916 -17.0171 1
3.2743 -17.1197 1
3.6073 -8.7231 1
1.8739 -13.9524 1
-5.2210 -25.2288 1
-1.2640 -13.3201 1
1.6853 -13.9618 1
-1.5204 -10.7908 1
0.9585 -8.0627 1
-1.7501 -9.2943 1
2.0468 -10.6170 1
1.6998 -14.8406 1
0.8520 -6.2647 1
1.6968 -11.2895 1
1.9824 -14.5911 1
1.3886 -11.6188 1
1.2124 -8.8616 1
-1.7936 -6.2330 1
-0.2678 -14.7934 1
-0.8742 -8.6980 1
3.3320 -15.8502 1
4.4698 -12.8420 1
-5.4743 -24.3617 1
-1.3244 -20.3253 1
-1.1874 -20.6536 1
3.1291 -20.1851 1
4.2923 -11.7913 1
-0.4644 -18.5453 1
2.6468 -18.7156 1
-1.8632 -19.8693 1
-4.5403 -23.0995 1
0.9409 -13.1294 1
-2.0246 -23.0575 1
3.3886 -12.3424 1
-0.3045 -22.4887 1
0.6156 -7.3987 1
3.2629 -15.9926 1
-2.8789 -21.6717 1
2.7458 -11.8864 1
-0.0394 -12.4167 1
3.7369 -8.1416 1
0.6649 -16.7040 1
4.0857 -17.5529 1
4.1457 -16.1208 1
3.7065 -14.0554 1
-0.7723 -20.8115 1
1.3041 -19.4898 1
0.1884 -14.6814 1
2.3500 -15.1669 1
-0.5816 -19.7813 1
0.6796 -18.4592 1
-1.4069 -18.9113 1
1.2580 -16.1146 1
-0.0871 -18.6135 1
2.1865 -19.1200 1
1.5016 -11.1348 1
3.8907 -18.2387 1
1.8657 -18.3361 1
3.8960 -18.1573 1
2.2580 -17.7435 1
2.7374 -10.5632 1
4.2709 -17.3255 1
-5.0849 -24.0520 1
2.1551 -15.5284 1
-0.0290 -18.4132 1
0.4314 -14.7623 1
-1.6394 -23.6139 1
-0.6557 -17.3179 1
0.3001 -9.5705 1
-3.0173 -19.6468 1
-3.6950 -22.0667 1
1.1370 -7.5409 1
1.1016 -10.3745 1
-7.1247 -24.9579 1
-3.0575 -20.3156 1
-0.7736 -20.4570 1
2.4495 -10.1767 1
1.1401 -7.5398 1
1.2665 -15.8740 1
1.9080 -7.9508 1
-4.6330 -22.8449 1
0.5571 -3.6115 1
-0.5578 -19.9534 1
-0.0143 -14.0530 1
0.8032 -19.5344 1
4.5315 -16.5776 1
3.5296 -8.9796 1
-0.0848 -14.7912 1
5.9642 -15.5428 1
-0.0812 -21.1848 1
2.9712 -11.5886 1
-0.9000 -16.2051 1
3.3166 -12.3244 1
-2.8742 -23.8583 1
-0.1691 -14.7840 1
2.0350 -18.8520 1
0.6148 -10.9530 1
2.2514 -8.0906 1
-5.5309 -21.6078 1
2.4983 -10.2439 1
-0.1503 -20.8971 1
-2.2278 -9.2012 1
-3.1029 -22.5736 1
5.7889 -6.5643 1
0.7792 -9.7994 1
-5.0872 -23.9765 1
0.6018 -16.3189 1
2.6698 -21.4981 1
-0.0139 -22.4781 1
1.1193 -10.1369 1
0.4973 -18.2130 1
2.3413 -7.7002 1
1.6046 -17.8492 1
-1.3736 -11.9638 1
-1.3632 -22.0917 1
-2.3632 -21.2453 1
1.4225 -8.4916 1
-5.3614 -26.7327 1
-4.5932 -21.2833 1
-2.0644 -18.6153 1
-0.5684 -9.5099 1
0.5100 -10.6302 1
-1.2306 -23.9360 1
-1.8825 -11.2654 1
-2.5034 -24.6100 1
-3.0773 -4.2265 1
0.4558 -24.5661 1
3.6141 -14.3468 1
2.4272 -18.0741 1
-4.8511 -23.1066 1
-2.4304 -21.0100 1
-1.0808 -21.2958 1
2.3477 -18.7336 1
3.2466 -11.4281 1
0.9405 -6.3345 1
3.6469 -15.6483 1
-0.0659 -14.1114 1
1.8374 -16.4494 1
-5.2076 -25.6504 1
1.1402 -18.8773 1
0.7727 -11.9779 1
1.2680 -15.8277 1
-4.7591 -21.5826 1
2.5808 -12.2859 1
-0.1563 -15.9611 1
-2.6261 -22.4913 1
-3.0298 -23.5515 1
1.5358 -15.6296 1
-0.7155 -23.0830 1
-6.7949 -22.1376 1
-8.2471 -23.3538 1
3.1419 -11.6315 1
1.3564 -7.2598 1
0.8094 -11.4944 1
1.5836 -10.4449 1
5.0030 -15.1327 1
2.0656 -9.0016 1
-0.3510 -19.7448 1
0.6157 -17.3262 1
1.0839 -14.6662 1
0.1191 -17.2575 1
2.9228 -10.2458 1
-2.1995 -13.2476 1
-1.1784 -9.1034 1
0.1940 -5.9171 1
-0.1494 -7.7981 1
1.9723 -13.3238 1
2.7510 -11.5606 1
0.1002 -10.9832 1
2.9683 -5.9724 1
2.1120 -12.6626 1
2.4124 -15.6081 1
0.8650 -10.7767 1
2.6063 -7.9718 1
0.0798 -16.6274 1
-0.5287 -21.3175 1
1.4128 -18.6767 1
-4.8971 -20.5504 1
3.4504 -14.0036 1
-2.4521 -23.3511 1
1.0744 -17.0169 1
-2.3777 -2.8265 1
1.4964 -20.4307 1
-0.1761 -21.9547 1
1.9034 -12.8197 1
6.3244 -8.1824 1
2.5613 -17.4568 1
0.7154 -21.6321 1
-1.5143 -10.9379 1
-8.0558 -24.8053 1
-2.5600 -11.3281 1
-3.8991 -23.3964 1
3.0475 -14.7329 1
0.3044 -8.1440 1
3.0087 -11.9944 1
0.4647 -4.8883 1
-3.5890 -19.0606 1
-3.4303 -21.8675 1
1.9526 -16.6219 1
-6.7885 -24.8865 1
-2.0301 -10.3421 1
2.2945 -9.8084 1
-2.0046 -22.6169 1
4.0000 -12.2490 1
-0.1133 -25.9873 1
0.9590 -10.0308 1
0.7037 -19.2068 1
0.8616 -19.7726 1
-3.5304 -21.0079 1
-3.3360 -21.1882 1
2.0329 -13.8638 1
-5.2114 -22.0090 1
-3.5129 -7.0996 1
-1.7786 -27.3158 1
-6.0508 -23.5956 1
-2.1409 -6.2349 1
-1.9796 -19.0598 1
-1.9129 -6.6309 1
-3.9509 -18.6781 1
-0.0184 -8.5110 1
-4.0367 -21.5566 1
-3.8102 -24.1620 1
-2.8679 -24.2696 1
-0.7246 -23.8387 1
-0.4604 -22.1328 1
-0.2369 -20.9179 1
2.3735 -11.5372 1
-0.9334 -19.6251 1
0.8638 -15.9999 1
-0.1609 -12.2614 1
-6.9757 -22.3580 1
-4.1245 -22.4042 1
5.0188 -11.6602 1
-0.7874 -24.6958 1
1.0509 -20.5959 1
0.1264 -9.2498 1
0.1421 -22.1550 1
-1.6987 -19.3510 1
-0.7010 -18.9154 1
1.1321 -20.1123 1
0.5001 -8.6798 1
1.0088 -6.4191 1
0.4621 -18.4946 1
-1.1302 -3.2742 1
-1.5381 -9.4435 1
2.6513 -13.3887 1
2.6235 -18.0438 1
0.0234 -15.8617 1
-1.1066 -9.7597 1
-0.8256 -6.9384 1
1.3644 -19.9085 1
-1.9973 -21.7463 1
-2.1480 -22.9079 1
-2.2808 -10.9561 1
-4.4567 -24.5692 1
-1.5393 -16.3995 1
6.5393 -9.3764 1
0.6213 -6.9999 1
-0.7369 -19.2546 1
2.6679 -15.8563 1
-0.5775 -7.3385 1
0.5215 -7.7941 1
3.9580 -14.3125 1
2.6233 -22.3833 1
-0.1910 -19.6677 1
-1.6186 -21.1301 1
3.3581 -15.9030 1
-5.7574 -23.4513 1
-2.2248 -20.7445 1
-0.5094 -15.4288 1
4.3822 -12.6345 1
-0.5431 -14.4022 1
-4.4443 -23.3786 1
-1.9021 -11.8435 1
0.9317 -22.8879 1
1.5560 -13.7519 1
1.9491 -18.9307 1
-1.8701 -20.3560 1
3.0467 -16.0480 1
-0.0008 -16.1630 1
1.7889 -19.1334 1
-0.8513 -20.5321 1
-5.2104 -20.6060 1
-4.0751 -21.0397 1
-2.4503 -20.3350 1
-1.0441 -20.4964 1
2.3966 -18.4663 1
-1.3171 -26.3918 1
5.5757 -14.3201 1
-0.7367 -9.7453 1
-1.7220 -20.5536 1
0.9062 -19.9068 1
1.6616 -20.5043 1
-5.4711 -22.5168 1
-3.6991 -19.5745 1
-0.2053 -5.7916 1
2.9954 -18.6995 1
3.7084 -18.2892 1
1.3345 -18.6186 1
-0.3125 -19.5223 1
2.8154 -9.3408 1
-1.6500 -23.1074 1
0.4049 -15.2598 1
-0.7717 -16.3748 1
-1.6394 -20.4435 1
3.3483 -16.4264 1
2.2972 -11.8873 1
-0.5476 -9.0149 1
0.3027 -15.5721 1
-0.6471 -5.3180 1
1.7413 -14.2181 1
-0.9002 -9.9920 1
-6.5654 -21.8686 1
2.5554 -19.2480 1
0.3908 -21.4902 1
-3.6870 -23.3223 1
-1.1013 -13.6391 1
1.3896 -9.1017 1
-6.5963 -23.3930 1
1.6892 -9.5091 1
1.4891 -9.6406 1
-5.8059 -23.4540 1
-0.8381 -9.5632 1
3.8501 -21.2353 1
1.0223 -15.2182 1
-0.3148 -10.4948 1
1.7067 -11.0266 1
1.5783 -14.3057 1
-0.7839 -12.1484 1
0.3398 -6.6603 1
-1.1549 -21.8451 1
2.4600 -16.3879 1
-0.7173 -8.0850 1
3.1894 -9.6231 1
-1.6767 -11.1419 1
2.6894 -18.1804 1
1.7772 -22.5245 1
-0.6653 -22.0558 1
-0.3520 -10.0984 1
0.3234 -18.7613 1
-6.3138 -22.8651 1
-0.5463 -13.9628 1
-1.5969 -12.4059 1
1.6810 -7.1081 1
-3.5256 -23.1605 1
2.1657 -17.4600 1
2.9598 -14.7834 1
-4.0171 -20.0416 1
3.7253 -12.4302 1
3.4774 -7.5867 1
3.7465 -5.5103 1
3.1277 -13.4862 1
3.9738 -15.5083 1
0.1330 -12.6263 1
1.1792 -20.5448 1
4.4943 -15.7337 1
-1.3625 -8.5304 1
-0.5779 -22.7135 1
1.6999 -9.2999 1
-6.3828 -23.3896 1
0.2794 -19.8866 1
-2.5048 -20.4383 1
2.5712 -13.7015 1
-2.7672 -24.7126 1
-3.7765 -18.7856 1
1.8653 -16.6383 1
0.5537 -8.7097 1
2.8857 -16.0450 1
-2.0318 -23.0152 1
4.6631 -16.8068 1
-2.9020 -21.0010 1
3.2288 -15.8588 1
-1.7431 -18.7537 1
2.7098 -11.1185 1
1.9685 -17.5282 1
0.1711 -13.4011 1
4.2749 -9.2915 1
2.7488 -17.5418 1
-0.2476 -10.4232 1
-3.0070 -20.5558 1
4.0259 -17.1456 1
0.4618 -18.7476 1
-0.4481 -23.3310 1
2.7834 -20.8602 1
-0.8290 -17.7354 1
3.3401 -10.9559 1
1.3706 -14.3422 1
-3.8895 -19.4742 1
1.2024 -15.9265 1
-0.8353 -18.3337 1
-0.1425 -16.2451 1
-0.5760 -16.6304 1
4.1236 -13.5239 1
0.2255 -13.8488 1
1.4188 -20.3410 1
4.6245 -12.4196 1
-0.2290 -20.3814 1
2.1634 -14.2418 1
-6.2854 -22.1635 1
1.6737 -17.6492 1
2.8337 -14.1355 1
-3.1926 -22.5710 1
-0.5916 -7.7858 1
-1.1123 -9.0679 1
-1.3954 -17.0871 1
-0.5529 -20.5702 1
3.8897 -17.4281 1
-5.6428 -24.4891 1
-1.3080 -21.2678 1
-1.1165 -22.4321 1
-3.2538 -17.4186 1
-0.6379 -22.7456 1
3.1807 -17.0991 1
3.0285 -21.7391 1
3.5812 -17.7479 1
2.5782 -12.6274 1
-0.1751 -7.7412 1
-6.1401 -20.0966 1
1.2384 -7.0621 1
2.0311 -12.7755 1
0.7600 -8.3404 1
-1.6398 -23.8139 1
4.0029 -12.7645 1
-1.3631 -19.9097 1
-0.9126 -19.0199 1
-4.0313 -24.2876 1
1.1107 -21.5720 1
-0.9661 -12.3037 1
2.3863 -21.3642 1
-1.2701 -8.6741 1
1.8008 -23.0571 1
-2.4252 -24.2217 1
0.6711 -17.5921 1
2.6227 -14.0085 1
1.1891 -13.1932 1
-6.2932 -22.8194 1
5.5619 -14.5709 1
-1.3753 -17.6280 1
-2.7460 -22.1934 1
0.6300 -20.1277 1
3.1025 -7.7007 1
-3.0472 -22.8169 1
1.3227 -7.0023 1
-6.3726 -20.7089 1
1.2814 -21.2653 1
-1.8876 -20.7611 1
1.9533 -21.4276 1
2.5660 -17.8944 1
-4.3783 -8.4587 1
2.1235 -16.4328 1
2.0991 -7.2338 1
-3.1994 -12.3915 1
0.9566 -9.7675 1
3.1885 -19.0331 1
2.4246 -9.7347 1
3.9708 -13.6678 1
-3.0518 -24.3507 1
-2.2924 -23.7382 1
2.9792 -12.8471 1
-1.3882 -11.0258 1
3.2140 -15.4949 1
-1.0905 -18.5091 1
-0.6126 -11.2461 1
-1.3375 -18.5006 1
-4.7674 -24.0933 1
0.0900 -17.7204 1
-2.3343 -6.6264 1
2.1806 -7.7678 1
-0.3465 -8.3296 1
1.7699 -12.6689 1
0.5400 -17.0591 1
-0.8376 -19.7974 1
1.0470 -10.7154 1
1.1082 -14.3567 1
-1.5875 -23.0663 1
-5.0488 -22.3946 1
-2.2569 -8.1558 1
-0.4945 -21.2133 1
-0.4595 -9.3845 1
-1.5892 -22.0411 1
-0.1252 -8.8977 1
4.5454 -18.1229 1
-1.6812 -21.6472 1
-3.8845 -18.3051 1
-4.9347 -23.2099 1
1.9880 -17.1171 1
-4.9763 -21.6380 1
-0.3859 -19.4385 1
0.6693 -11.4065 1
-0.3613 -9.4170 1
1.0958 -18.8858 1
1.5824 -8.2352 1
3.5079 -16.6657 1
-4.5211 -20.4210 1
-4.2197 -24.5969 1
-5.4257 -25.2329 1
3.1843 -12.6944 1
2.4859 -18.0401 1
-0.1359 -20.0662 1
-2.5858 -20.0882 1
-6.9438 -8.2711 2
-7.7294 -10.3121 2
-5.3640 -9.1266 2
-2.2764 -17.1643 2
-2.4360 -12.6314 2
-0.9917 -13.3901 2
-5.9345 -7.3427 2
-2.1094 -8.9708 2
-9.4637 -7.6789 2
-9.2212 -10.3115 2
-7.8358 -9.3022 2
0.3902 -14.3938 2
-0.3850 -12.5262 2
-2.8529 -14.5730 2
-3.7852 -8.5812 2
-4.6726 -17.8993 2
-8.0450 -17.1811 2
-2.1284 -13.7454 2
-6.6686 -18.0117 2
-5.2906 -10.8094 2
-4.1051 -11.2964 2
-6.0578 -8.8378 2
-3.6822 -18.5100 2
-4.5462 -16.8023 2
-7.3833 -9.2133 2
-2.7922 -13.3386 2
-5.7647 -18.8939 2
-3.2433 -15.3665 2
-3.9095 -16.3078 2
-3.3308 -17.6834 2
-6.8104 -17.9953 2
-4.4808 -8.9780 2
-2.4366 -18.0592 2
-3.2483 -10.6634 2
-7.3615 -9.3976 2
-7.8820 -8.8743 2
-7.6280 -9.7276 2
-1.7454 -16.1536 2
-3.5569 -13.0618 2
-3.0038 -9.4949 2
-6.9128 -19.6598 2
-2.6423 -11.7174 2
-6.0323 -17.9612 2
-7.7349 -9.3858 2
-5.0301 -20.2843 2
-7.5086 -19.1585 2
-1.8415 -11.8387 2
-8.6312 -17.3702 2
-0.3183 -17.0932 2
-0.8984 -11.1210 2
-5.4613 -16.7422 2
-5.1007 -8.8596 2
-4.3554 -9.9463 2
-6.0755 -18.9614 2
-6.5213 -18.2517 2
-7.8017 -9.6355 2
-2.5719 -18.2633 2
-1.8776 -14.0398 2
-5.4544 -9.3923 2
-7.2014 -7.5718 2
-0.7812 -10.4717 2
-11.8075 -9.6158 2
-4.2598 -15.7815 2
-8.1881 -9.4326 2
-3.4069 -18.5936 2
-5.7839 -11.3366 2
-5.3241 -10.0827 2
-5.6208 -17.1659 2
-1.5768 -13.6577 2
-9.1891 -8.9143 2
-4.9041 -15.8071 2
-2.5566 -9.5364 2
-4.5238 -11.2639 2
-4.2399 -11.0749 2
-8.9675 -7.3040 2
-7.4651 -7.8485 2
-8.6493 -9.9794 2
-6.8437 -21.2199 2
-1.5166 -12.3952 2
-4.9134 -17.9871 2
-4.8209 -10.2024 2
-6.5343 -7.8789 2
-5.9120 -15.0506 2
-5.7103 -18.4100 2
-3.0924 -12.4470 2
-7.3422 -20.2573 2
-1.5567 -14.5389 2
-4.2098 -18.2033 2
-6.6952 -9.2170 2
-2.6170 -11.2422 2
-1.2336 -15.8052 2
-4.0125 -18.0922 2
-1.3845 -15.2399 2
-5.6600 -19.7070 2
-1.6077 -13.9119 2
-9.8776 -7.4101 2
-7.9075 -7.6458 2
-3.3582 -19.9332 2
-6.8511 -18.6655 2
-0.1893 -15.2833 2
-3.2645 -13.9798 2
-5.7499 -19.3068 2
-3.2817 -11.8518 2
-0.5494 -13.8615 2
-8.8724 -10.2993 2
-0.9657 -13.2139 2
-10.4045 -10.7039 2
-2.2859 -18.7900 2
-8.6535 -19.7198 2
-3.3087 -17.9458 2
-7.6160 -7.4619 2
-6.7334 -7.0889 2
-4.5071 -11.2429 2
-8.0662 -19.2681 2
-2.6249 -18.3857 2
-5.3560 -16.9077 2
-1.2415 -13.8688 2
-6.3163 -14.7955 2
-6.8521 -18.5106 2
-1.5239 -18.3360 2
-4.5869 -12.5865 2
-8.8793 -7.7188 2
-8.9561 -22.6719 2
-4.7078 -13.0156 2
-0.9752 -14.7280 2
-5.5463 -19.8590 2
-6.5933 -10.1889 2
-6.7707 -19.4682 2
-2.6782 -18.1330 2
-8.8793 -17.1602 2
-12.0024 -6.7091 2
-4.2780 -10.3061 2
-9.0542 -18.4302 2
-5.4540 -18.0441 2
-3.7740 -17.2442 2
-4.2250 -18.1688 2
-7.7563 -9.9040 2
-6.1375 -17.2177 2
-5.7117 -21.8460 2
-7.8637 -10.4442 2
-4.6150 -20.3815 2
-5.7960 -6.4027 2
-4.2412 -19.0062 2
-4.7325 -20.5136 2
-9.4703 -7.1521 2
-1.3618 -13.4572 2
-6.0977 -8.6981 2
-3.8494 -14.7712 2
-1.6654 -17.6789 2
-2.7611 -14.1718 2
-4.5655 -9.4521 2
-5.4328 -8.7796 2
-4.6533 -9.4694 2
-3.7342 -11.2517 2
-3.8041 -9.1316 2
-6.8944 -7.9084 2
-5.0279 -8.0451 2
-6.9298 -8.6977 2
-6.5711 -9.2254 2
-2.4248 -18.8239 2
-4.7487 -9.7090 2
-6.8769 -19.6091 2
-7.5439 -10.7364 2
-2.5567 -11.1820 2
-4.5152 -13.3395 2
-3.9195 -17.1839 2
-5.0444 -12.5198 2
-6.6208 -19.0971 2
-7.8998 -9.4545 2
-3.9002 -16.0096 2
-8.0023 -20.7069 2
-3.0294 -17.0176 2
-1.9215 -15.1523 2
-1.4399 -12.8662 2
-2.2371 -11.4456 2
-6.3348 -19.5248 2
-3.6456 -16.5631 2
-4.9121 -19.9358 2
-7.1126 -19.2942 2
-6.2525 -11.3204 2
-5.4159 -17.1757 2
-4.5653 -9.4333 2
-2.8045 -9.4177 2
-3.1699 -11.6347 2
-2.7958 -18.6692 2
-8.0905 -18.3073 2
-3.9597 -17.1874 2
-3.9344 -10.5030 2
-2.1355 -14.4795 2
-8.8883 -6.4252 2
-2.2950 -11.3503 2
-2.6651 -11.5450 2
-6.8734 -17.1302 2
-3.6533 -9.9125 2
-3.1255 -14.8417 2
-3.6034 -17.0391 2
-5.3414 -9.7979 2
-1.4213 -12.3466 2
-5.9507 -11.1234 2
-6.2919 -11.2746 2
-3.5863 -15.5428 2
-5.9424 -19.0000 2
-2.0876 -11.5726 2
-9.0108 -8.5202 2
-1.8525 -11.8382 2
-3.1988 -15.2217 2
-1.7745 -13.9632 2
-4.9398 -9.7027 2
-6.5751 -20.2372 2
-5.9954 -8.5742 2
-2.1541 -13.8117 2
-1.7348 -18.4640 2
-9.3689 -18.8046 2
-5.1235 -19.1350 2
-1.1027 -14.5474 2
-3.5515 -10.0423 2
-8.4003 -6.9002 2
-3.6757 -15.0582 2
-5.5648 -8.5961 2
-2.0511 -12.4510 2
-9.4951 -9.9544 2
-6.6028 -19.1787 2
-3.0991 -12.7427 2
-3.8419 -14.9165 2
-5.7813 -6.8890 2
-7.6048 -20.9692 2
-2.2897 -13.8432 2
1.1321 -17.6255 2
-2.5966 -18.4764 2
-1.6254 -16.4108 2
-3.3333 -15.8177 2
-6.7950 -8.9934 2
-3.3609 -18.4704 2
-5.3632 -11.7908 2
-2.7667 -16.0391 2
-3.6727 -10.3572 2
-4.9056 -16.0360 2
2.2546 -16.0086 2
-2.3242 -13.0663 2
-6.1089 -6.4696 2
-6.2277 -8.3441 2
-2.1608 -12.0471 2
-2.4767 -7.9596 2
-9.6298 -8.1379 2
-1.5829 -14.2627 2
-7.8714 -21.3716 2
0.4071 -12.4057 2
-2.0926 -9.8669 2
-3.5553 -14.3893 2
-8.7988 -17.9043 2
-5.8713 -9.0714 2
-4.0095 -17.2041 2
-2.2200 -11.1821 2
-2.6212 -16.4549 2
-1.2650 -15.4590 2
-4.0159 -14.7664 2
-3.0207 -10.7319 2
-5.0607 -19.7958 2
-5.9774 -9.4340 2
-4.7272 -10.0114 2
-4.0031 -18.5150 2
-6.5918 -9.5608 2
-5.2350 -17.1690 2
-11.1376 -9.4425 2
-5.6111 -12.1483 2
-6.7796 -12.0706 2
-1.6471 -14.6744 2
-5.3512 -11.8236 2
-2.6743 -12.9418 2
-6.0728 -18.4736 2
-3.6156 -12.6032 2
-7.1021 -9.5151 2
-8.5927 -19.9409 2
-7.8186 -20.3103 2
-4.8062 -9.8357 2
-6.3713 -7.6416 2
-1.2945 -13.1461 2
-5.5326 -19.5315 2
-2.6773 -14.3946 2
-1.1197 -14.9306 2
-4.2785 -15.6672 2
-6.9444 -10.5575 2
-5.5566 -17.5110 2
-3.3048 -14.5551 2
-5.3789 -18.8087 2
-4.8826 -20.2040 2
-8.5204 -7.0260 2
-3.7109 -13.7443 2
-2.1241 -11.1082 2
-8.6121 -10.5157 2
-0.7180 -18.6883 2
-2.3934 -17.8064 2
-0.6177 -13.8171 2
-7.1502 -7.7619 2
-3.7448 -11.7336 2
-3.7621 -14.3184 2
-4.4204 -8.4487 2
-4.4840 -10.9981 2
-4.2461 -19.0484 2
-2.6537 -8.7203 2
-8.8718 -7.9627 2
-2.6798 -13.3158 2
-4.9158 -11.9209 2
-7.8183 -18.9347 2
-3.4851 -15.2709 2
-6.0759 -10.4742 2
-2.7206 -18.4597 2
-4.0900 -15.2834 2
-6.0027 -8.7916 2
-1.1959 -16.2107 2
-3.1893 -9.7286 2
-8.4773 -17.2840 2
-0.8791 -9.5876 2
-11.0573 -10.8590 2
-8.9047 -19.7814 2
-5.2840 -10.8922 2
-2.2423 -13.3356 2
-2.7772 -9.8859 2
-1.8225 -12.6154 2
-9.7128 -8.7310 2
-5.1039 -12.1202 2
-2.4261 -17.0889 2
-1.4601 -16.6500 2
-2.3362 -14.4136 2
-7.5952 -10.5015 2
-2.3451 -18.7654 2
-6.9880 -6.1942 2
-4.8077 -9.7085 2
-2.4343 -13.1107 2
-6.2489 -15.4793 2
-1.3206 -12.5866 2
-2.0987 -14.8000 2
-9.6347 -17.7903 2
-5.8220 -10.7676 2
-5.9315 -8.6199 2
-4.6029 -18.9284 2
-4.4128 -16.4891 2
-5.9011 -9.6475 2
-2.8653 -15.8511 2
-5.3101 -8.1528 2
-6.1112 -18.8587 2
-5.2842 -18.8969 2
-3.2946 -9.3996 2
-4.6373 -13.2679 2
-9.9829 -18.6434 2
-1.7606 -9.7328 2
-1.4695 -13.4577 2
-5.4561 -20.1332 2
-5.5695 -19.1524 2
-8.4938 -21.3496 2
-5.5485 -16.7962 2
-6.6445 -19.0955 2
-8.3203 -18.6365 2
-8.3027 -18.9514 2
-2.7615 -9.5242 2
-7.6314 -19.9038 2
-7.2034 -6.7847 2
-7.2666 -15.8456 2
-7.8666 -10.4367 2
-11.6557 -10.9033 2
-7.3120 -10.2680 2
-3.9235 -10.6635 2
-2.0873 -11.1762 2
-3.0881 -8.0745 2
-8.0075 -8.8406 2
-5.9030 -16.8252 2
-6.0987 -20.6650 2
-7.5652 -10.5374 2
-4.6528 -17.4206 2
-5.2896 -18.1932 2
-9.4025 -18.6931 2
-4.3690 -11.0854 2
-7.0596 -20.8744 2
-3.4071 -18.2988 2
-3.2283 -20.2809 2
-2.6291 -12.9522 2
-10.1582 -8.0694 2
-6.2930 -10.7703 2
-4.0357 -10.8764 2
-3.2022 -14.3664 2
-7.1953 -7.8998 2
-5.8174 -17.3774 2
-8.6489 -18.3882 2
-3.6590 -15.2470 2
-0.8536 -11.3707 2
-2.8060 -16.3647 2
-2.9757 -15.4018 2
-7.5776 -10.6857 2
-5.9405 -19.5959 2
-2.4413 -17.2258 2
-7.8305 -10.3399 2
-5.1809 -19.8357 2
-2.3554 -10.8833 2
-1.3708 -10.9238 2
-3.6648 -13.7592 2
-2.9474 -8.7207 2
-1.1493 -14.1634 2
-8.7520 -9.1049 2
-1.2096 -13.6033 2
-2.3211 -14.5014 2
-6.6641 -15.6272 2
-4.1409 -11.2062 2
-7.7739 -8.3121 2
-4.7055 -9.3396 2
-8.5404 -9.8026 2
-6.6266 -8.9599 2
-8.8691 -7.9513 2
-3.5110 -16.7376 2
-6.6246 -16.0084 2
-4.4474 -7.8455 2
-6.1569 -19.3021 2
-8.4257 -7.7080 2
-6.0835 -6.7366 2
-5.2689 -17.9059 2
-6.7040 -19.5157 2
-7.1769 -21.4020 2
-6.1955 -21.4971 2
-6.6321 -18.5722 2
-4.7156 -10.9237 2
-2.7531 -8.5423 2
-3.7100 -16.4730 2
-2.3387 -16.3624 2
-2.7482 -14.0917 2
-6.0899 -8.7330 2
-4.3657 -13.6506 2
-8.3373 -19.9741 2
-6.7698 -6.9004 2
-3.2322 -11.9250 2
-6.7781 -21.0702 2
-9.1135 -8.7774 2
-4.1741 -16.8225 2
-6.8691 -11.9506 2
-4.9037 -16.1812 2
-4.6305 -18.4541 2
-5.5466 -18.8382 2
-2.1465 -9.9485 2
-3.4080 -17.0354 2
-1.6715 -10.4963 2
-3.5349 -11.8725 2
-3.6535 -11.2745 2
-5.2790 -7.5441 2
-0.2972 -15.6387 2
-5.9358 -16.9851 2
-3.4139 -15.8243 2
-2.0038 -11.8295 2
-5.0011 -10.2724 2
-2.0316 -13.0098 2
-5.4077 -10.9666 2
-2.5277 -10.6557 2
-4.2780 -18.6836 2
-2.2415 -15.4104 2
-7.9460 -12.6800 2
-5.1695 -12.0817 2
-4.7834 -21.2488 2
-1.6963 -18.0885 2
-3.2157 -14.7478 2
-9.9411 -19.7189 2
-2.1877 -11.1824 2
-5.5093 -8.0714 2
-6.3798 -7.9708 2
-7.4107 -9.6584 2
-6.8739 -9.2818 2
-1.6261 -16.3122 2
-9.1405 -18.6821 2
-5.7220 -9.4565 2
-7.8389 -10.4631 2
-1.0151 -17.8137 2
-7.6069 -7.4657 2
-5.1728 -9.8763 2
-9.3350 -8.8842 2
-5.4222 -7.0865 2
-3.6107 -13.1155 2
-7.5637 -18.0192 2
-9.3421 -19.5263 2
-5.7845 -11.5886 2
-2.6238 -13.5325 2
-7.8293 -6.6895 2
-3.5000 -10.6400 2
-2.1223 -15.8960 2
-4.6961 -10.3631 2
-3.8948 -10.6490 2
-6.6413 -16.6925 2
-7.1559 -9.1165 2
-11.2351 -19.8580 2
-5.1552 -19.0927 2
-3.7046 -11.7801 2
-2.2900 -14.7348 2
-0.0241 -13.4778 2
-2.6144 -12.1840 2
-9.5522 -9.4333 2
-0.3633 -12.8736 2
-3.9877 -13.4068 2
-4.2863 -16.6190 2
-7.2666 -18.2917 2
-5.2776 -10.4340 2
-4.4966 -14.5267 2
-5.6895 -18.4471 2
-9.4654 -17.4643 2
-3.7277 -16.0793 2
-8.8245 -9.0232 2
-3.3392 -11.5116 2
-6.4165 -10.8784 2
-8.8169 -8.5634 2
-2.4288 -12.2022 2
-3.7362 -18.4273 2
-1.5438 -13.6609 2
-7.6365 -18.9417 2
-2.8215 -17.4168 2
-4.6072 -11.9309 2
-6.8464 -20.1112 2
-4.0524 -10.0388 2
-5.4149 -11.9328 2
-3.5270 -12.6356 2
-6.2664 -6.5330 2
-9.9865 -9.1071 2
-4.6940 -10.7909 2
-4.0943 -11.3881 2
-2.9476 -10.4557 2
-5.0007 -12.1298 2
-2.4387 -10.7349 2
-3.0756 -15.1809 2
-7.8738 -19.6376 2
-8.8900 -22.9014 2
-0.4849 -12.4272 2
-4.3318 -12.3155 2
-9.8879 -20.3565 2
-7.9154 -19.3892 2
-6.1267 -20.7921 2
-3.1537 -18.7637 2
-8.9560 -8.9235 2
-2.6923 -12.2379 2
-4.5505 -13.7937 2
-7.0105 -7.1243 2
-11.0858 -16.4897 2
-2.2390 -14.9560 2
-3.6792 -15.8566 2
-10.4140 -16.8826 2
-10.0086 -15.7067 2
-3.9841 -19.0706 2
-2.1839 -13.2814 2
0.1948 -13.4543 2
-7.3345 -17.4617 2
-2.7473 -11.7238 2
-2.6468 -14.4647 2
-3.6835 -8.7461 2
-7.9380 -7.7824 2
-1.8694 -10.5497 2
-3.0312 -16.0928 2
-9.1102 -18.4600 2
-0.0107 -15.9569 2
-5.5644 -12.6166 2
-5.1499 -15.6600 2
-1.4997 -13.5087 2
-6.7168 -8.8884 2
-2.1957 -8.5569 2
-7.9819 -7.0963 2
-2.0820 -12.5271 2
-4.9364 -18.5790 2
-3.7542 -17.2607 2
-0.9921 -18.5126 2
-3.6491 -14.5601 2
-4.3975 -16.4627 2
-0.3286 -8.8220 2
-7.4072 -16.8731 2
-6.9043 -7.4055 2
-0.8725 -18.7707 2
-8.2798 -20.2475 2
-4.6365 -17.8919 2
-8.5096 -17.6313 2
-3.4376 -14.1815 2
-2.3358 -10.3745 2
-3.4591 -15.6369 2
-7.0647 -18.6438 2
-3.7918 -18.4010 2
-1.8057 -8.7688 2
-8.4257 -7.5864 2
-4.5260 -14.5692 2
-10.1002 -19.0251 2
-4.8523 -17.9141 2
-6.1653 -20.5978 2
-5.9753 -15.8059 2
-8.3902 -9.4455 2
-4.9415 -7.6106 2
-4.2020 -11.0885 2
-3.2886 -10.3080 2
-1.2106 -11.2659 2
-7.6788 -8.5291 2
-2.4319 -17.7818 2
-6.2516 -19.4247 2
-7.4188 -9.6172 2
-3.5074 -19.1612 2
-5.8023 -18.2373 2
-1.9026 -13.9647 2
-3.8945 -12.2497 2
-6.9737 -9.4644 2
-3.2416 -12.4947 2
-3.8835 -10.0589 2
-1.8242 -18.2869 2
-8.5739 -10.7634 2
-8.9786 -8.2499 2
-6.6614 -17.4837 2
-3.3818 -13.0095 2
-2.8757 -10.7053 2
-2.0217 -13.0800 2
-3.3851 -9.3003 2
-6.1649 -17.7541 2
-6.2966 -14.0860 2
-7.4894 -9.6667 2
-5.3514 -18.5363 2
-5.9642 -19.6366 2
-8.7654 -7.7693 2
-7.6944 -20.4948 2
-4.5965 -16.8065 2
-5.8978 -18.3029 2
-1.5527 -16.0950 2
-3.9704 -19.4662 2
-5.2949 -6.9444 2
-8.0146 -18.8165 2
-10.4425 -8.4452 2
-6.3530 -4.5083 2
-1.9347 -14.5654 2
-7.1807 -7.7125 2
-3.4625 -15.5515 2
-6.5019 -19.1852 2
-7.2269 -19.9845 2
-2.5771 -15.0183 2
-5.8926 -21.7751 2
-3.7317 -19.9952 2
-4.9402 -17.4845 2
-5.2179 -18.2055 2
-8.5532 -18.6182 2
-6.2941 -18.4050 2
-2.5523 -16.0134 2
-3.2592 -13.2264 2
-1.6241 -14.4240 2
-3.0172 -14.7041 2
-9.2030 -8.2678 2
-2.3596 -11.7493 2
-3.5134 -10.0012 2
-6.2947 -18.5068 2
-8.2365 -19.4314 2
-3.2164 -8.8493 2
-8.8546 -18.4327 2
-3.1525 -10.2532 2
-3.3841 -11.8443 2
-6.2641 -18.0265 2
-8.2778 -21.4774 2
-8.1849 -18.8230 2
-3.7413 -9.1143 2
-7.9565 -7.9650 2
-7.3455 -19.6142 2
-4.0092 -13.2401 2
-10.0801 -18.8419 2
-4.8442 -18.6395 2
-2.3463 -10.3751 2
-3.9723 -9.3501 2
-0.5002 -12.8603 2
-1.0967 -12.6394 2
-7.6004 -19.4079 2
-1.8502 -10.4253 2
-5.0144 -10.6106 2
-3.6059 -17.5337 2
-3.1681 -13.1682 2
-6.9647 -9.1303 2
-1.1134 -12.8065 2
-6.2508 -19.1655 2
-4.4350 -13.7926 2
-10.2064 -17.5128 2
-3.5238 -7.6340 2
-7.2664 -15.7544 2
-4.5812 -15.0721 2
-5.9385 -18.7886 2
-4.9278 -17.4665 2
-5.1248 -16.3907 2
-2.7026 -11.2638 2
-5.5967 -17.0723 2
-5.9547 -17.4695 2
-7.9168 -19.2590 2
-8.5002 -9.6786 2
-6.6079 -9.8817 2
-5.1689 -16.2498 2
-7.8770 -8.7902 2
-8.8208 -7.8963 2
-6.1726 -7.7713 2
-8.2862 -9.0833 2
-4.8292 -17.9558 2
-4.6582 -10.5147 2
-6.0257 -17.2752 2
-0.4667 -14.0008 2
-4.8139 -19.2090 2
-4.4790 -14.2400 2
-10.3910 -10.0058 2
-2.5118 -12.1760 2
-7.2972 -6.7270 2
-2.8908 -16.0887 2
-3.2793 -16.9084 2
-3.3598 -15.8174 2
-9.1064 -10.1391 2
-9.1074 -17.9321 2
-3.7124 -16.6948 2
-5.9434 -18.0831 2
-1.9845 -17.3268 2
-3.9974 -12.7362 2
-5.2947 -19.8015 2
-6.8862 -17.8975 2
-8.6985 -10.3045 2
0.1972 -15.9772 2
-1.5119 -12.7909 2
-5.2850 -15.9381 2
-4.9190 -16.6857 2
-7.0455 -7.8104 2
-7.4181 -20.1457 2
-2.4718 -12.2994 2
-3.8706 -10.4355 2
-10.1227 -6.9335 2
-0.7085 -17.5479 2
-3.6874 -11.8510 2
-4.0476 -11.2104 2
-7.7802 -19.8607 2
-2.6603 -17.0017 2
-5.0017 -11.1308 2
-1.1902 -13.0517 2
-6.8111 -7.8576 2
-1.0165 -14.5618 2
-2.0976 -16.3158 2
-3.3169 -14.6877 2
-8.7582 -20.4396 2
-2.3397 -12.4818 2
-3.3899 -16.1768 2
-6.2893 -19.6095 2
-9.0103 -17.6576 2
-2.5595 -11.4065 2
-2.7765 -13.4208 2
-5.8245 -10.3929 2
-7.5359 -9.3285 2
-3.4475 -13.4246 2
-3.5807 -16.4143 2
-4.4788 -12.5711 2
-7.0094 -9.9909 2
-8.4922 -18.7577 2
-8.3777 -9.2268 2
-2.9776 -16.8678 2
-7.8332 -17.0650 2
-4.3020 -14.2712 2
-4.9664 -16.2124 2
-1.6802 -15.0215 2
-5.7693 -8.9321 2
-1.1597 -12.1247 2
-1.6105 -13.5631 2
-4.3582 -15.7033 2
-6.3172 -9.8344 2
-5.8513 -10.1661 2
-7.0227 -18.0958 2
-3.0031 -18.2407 2
-2.5498 -17.7199 2
-5.2514 -9.0726 2
-4.2600 -13.3177 2
-6.6692 -9.2868 2
-4.7203 -13.6490 2
-10.0906 -18.4308 2
-3.1255 -17.5460 2
-5.8780 -11.2899 2
-1.2813 -13.7380 2
-6.5862 -12.5579 2
-3.6459 -12.8521 2
-4.7040 -18.1373 2
-2.9942 -16.0172 2
-5.7192 -10.2180 2
-10.0651 -17.2675 2
-5.3015 -9.3602 2
-2.2343 -9.6652 2
-2.0779 -10.6503 2
-9.2123 -9.2128 2
-10.6338 -17.7698 2
-8.1135 -16.9782 2
-4.7543 -13.2325 2
-8.4265 -18.7888 2
0.3406 -15.0705 2
-5.1618 -11.2456 2
-8.3477 -17.9626 2
-7.8330 -10.7811 2
-2.7928 -11.6238 2
-2.7083 -9.0166 2
-4.8516 -7.8322 2
-2.5269 -13.7549 2
-3.0982 -11.6464 2
-10.5186 -9.2170 2
-9.9214 -10.3785 2
-3.9740 -9.8731 2
-2.8187 -18.3044 2
-8.0543 -20.0883 2
-5.9093 -16.7933 2
-4.2372 -19.5700 2
-9.1283 -18.8329 2
-3.8134 -9.0906 2
-5.2284 -8.7659 2
-4.6395 -7.1538 2
-8.1824 -18.1387 2
-7.5841 -18.9533 2
-3.6959 -16.1016 2
-8.9132 -18.8944 2
-1.6237 -16.9867 2
-0.7408 -11.7246 2
-5.6501 -11.5562 2
-5.2262 -18.9266 2
-5.3402 -17.4897 2
-3.2307 -11.3420 2
-5.2474 -12.3079 2
-2.8795 -19.3924 2
-4.2993 -11.7017 2
-5.2138 -10.4760 2
-3.6423 -9.3694 2
-4.9646 -17.5896 2
-7.3833 -19.7519 2
-6.6739 -6.7622 2
-6.5907 -18.2418 2
-5.3430 -21.0128 2
-8.0212 -20.6036 2
-4.3105 -10.4496 2
-2.6728 -19.0880 2
-5.2021 -10.6480 2
-9.7143 -21.3342 2
-6.6892 -16.8895 2
-6.6579 -21.1873 2
-4.2566 -15.9277 2
-3.7743 -18.6186 2
-4.2249 -13.2428 2
-4.3334 -17.7603 2
-3.7908 -14.2941 2
-7.6492 -17.1692 2
-6.0631 -10.9823 2
-3.2603 -16.5400 2
-9.8410 -19.1207 2
-6.8333 -9.9706 2
-4.1627 -7.1803 2
-2.9822 -14.4092 2
-4.1823 -10.0585 2
-5.2282 -15.5473 2
-3.9430 -10.5224 2
-2.9668 -11.0024 2
0.0500 -15.3281 2
-8.7518 -9.1411 2
-3.0113 -16.0582 2
-1.6824 -16.4207 2
-7.5451 -18.7037 2
-4.2137 -8.9259 2
-7.4999 -8.4741 2
-2.8419 -15.5380 2
-2.0968 -12.4120 2
-5.0480 -19.7159 2
-1.2335 -14.9103 2
-10.0859 -19.3459 2
-4.9698 -17.9630 2
-1.6793 -14.0882 2
-2.3922 -15.3830 2
-9.2981 -20.3971 2
-4.8605 -7.4325 2
-2.8630 -11.2166 2
-3.1121 -8.3124 2
-4.7871 -17.0353 2
-4.0931 -17.8511 2
-4.5199 -10.9652 2
-5.4733 -10.9535 2
-10.2699 -16.2179 2
-8.5956 -19.1607 2
-7.1146 -8.1333 2
-10.2015 -21.0677 2
-7.8262 -20.3029 2
-2.5932 -16.7000 2
-3.4818 -11.7255 2
-5.6846 -19.3303 2
-9.0779 -10.2165 2
-3.9018 -16.5530 2
-9.8671 -17.9310 2
-2.2716 -14.3918 2
-2.0678 -18.4740 2
-1.7150 -18.1785 2
-8.4463 -20.1222 2
-5.4627 -11.3293 2
-9.9698 -9.0472 2
-2.4333 -11.5104 2
-3.4104 -10.1429 2
-1.1453 -12.2196 2
-0.3885 -13.8466 2
-3.5315 -16.9971 2
-2.1619 -19.5276 2
-10.7396 -8.6222 2
-6.1412 -9.4580 2
-1.1579 -16.6919 2
-7.1000 -21.9417 2
-4.3927 -9.6585 2
-0.9282 -11.6053 2
-8.1278 -16.3636 2
-4.4697 -11.0888 2
-3.1290 -14.7123 2
-6.8318 -9.3510 2
-6.3843 -9.3413 2
-1.0728 -16.7579 2
-1.5605 -16.6518 2
-5.3381 -17.3059 2
-1.0291 -14.7750 2
-3.7973 -9.9691 2
-7.6767 -7.6551 2
-3.2833 -11.3035 2
-0.9300 -18.5932 2
-9.1146 -8.7528 2
-3.3644 -17.0988 2
-5.1837 -19.2817 2
-6.6177 -8.6806 2
-7.1300 -9.6182 2
-8.7725 -8.5469 2
-8.4080 -7.5674 2
-3.5727 -10.2583 2
-7.0222 -10.0226 2
-6.7723 -18.1055 2
-3.2481 -13.8431 2
-4.9700 -16.5213 2
-1.7173 -14.8547 2
-5.2851 -20.0393 2
-7.4016 -18.4633 2
-6.9018 -9.1482 2
0.8124 -14.5546 2
-3.5285 -21.1674 2
-3.5986 -10.4146 2
-4.0469 -18.5240 2
-3.6170 -15.7846 2
-8.8634 -18.5801 2
-4.0077 -15.9435 2
-4.1961 -10.9326 2
-10.9092 -19.9698 2
-2.0654 -11.9570 2
-7.8599 -19.5807 2
-10.7721 -19.5627 2
-3.6741 -14.8980 2
-6.6977 -9.2405 2
-6.8478 -18.7073 2
-9.0394 -18.7532 2
-3.5012 -12.2094 2
-6.9016 -8.6554 2
0.9257 -16.0641 2
-4.6980 -16.6847 2
-5.5369 -17.5271 2
-8.2577 -7.2785 2
-2.8364 -9.8913 2
-7.6214 -18.9707 2
-1.8708 -18.1019 2
-1.5595 -18.2986 2
-6.5761 -19.6274 2
-4.7246 -9.7528 2
-5.5154 -18.1148 2
-4.5161 -14.7476 2
-9.6595 -19.1451 2
-2.6834 -11.5516 2
-2.1335 -15.4365 2
-6.3320 -19.1207 2
-3.8667 -18.2321 2
-2.7836 -11.6614 2
-1.5333 -14.7491 2
-2.7290 -11.7540 2
-9.0491 -18.3379 2
-4.7741 -19.1287 2
-10.1239 -9.7930 2
-1.7215 -12.2527 2
-5.2749 -20.3257 2
-6.7835 -8.5988 2
-4.4166 -7.7522 2
-3.3880 -12.7590 2
-9.0437 -18.9582 2
-8.1046 -18.0104 2
-2.9899 -14.7336 2
-6.3597 -17.3673 2
-2.4761 -14.9130 2
-2.1791 -14.1981 2
-6.3938 -9.3470 2
-3.8716 -16.5416 2
-0.9897 -10.7319 2
-7.4892 -7.9449 2
-4.0973 -16.0403 2
-3.7116 -9.2026 2
-7.1031 -19.6251 2
-10.9048 -18.9488 2
-3.5609 -12.4805 2
-6.8640 -8.8778 2
-7.0290 -17.5097 2
-1.1850 -13.8760 2
-6.4340 -19.8984 2
-7.6130 -11.5060 2
-3.5203 -18.8882 2
-3.5779 -13.4124 2
-6.9520 -19.7581 2
-5.6588 -20.0785 2
-4.8613 -8.9492 2
-2.4978 -10.9005 2
-3.9316 -18.9433 2
-0.9325 -13.1781 2
-2.1416 -19.6532 2
-6.9585 -18.9115 2
-1.6668 -9.1437 2
-3.9460 -16.1603 2
-9.0176 -17.9048 2
7.8375 -8.2014 3
9.3638 -4.2339 3
7.0281 -7.1157 3
11.2013 -9.2347 3
7.8874 -7.9406 3
0.6142 -1.1349 3
0.1496 0.1816 3
2.6028 -4.3835 3
1.7940 -3.3268 3
4.3211 -10.8346 3
5.7015 -7.4344 3
5.3617 -3.6919 3
4.1908 -3.4677 3
5.3668 -4.8258 3
-0.8814 -3.8137 3
-1.7905 -1.2045 3
0.2326 -5.2536 3
1.4019 -4.7975 3
7.2546 -6.5265 3
6.8279 -9.6582 3
7.1128 -7.8474 3
2.6814 0.9090 3
6.7231 -8.3933 3
6.6082 -8.6358 3
9.7221 -5.5574 3
8.0872 -5.9520 3
0.0246 -0.7729 3
2.3588 -4.1642 3
2.5830 -1.7800 3
2.3410 -2.5005 3
6.4929 -3.7714 3
2.2936 -3.6304 3
3.0943 -0.5272 3
1.1525 -0.5356 3
3.7821 -1.6863 3
8.3340 -2.7799 3
2.6877 -7.0989 3
1.0550 -1.9733 3
6.4530 -1.5772 3
6.5580 -8.2260 3
4.7161 -0.0779 3
4.2676 -6.7603 3
7.5238 -6.3312 3
4.7117 -4.0775 3
6.9355 -3.8286 3
7.7969 -4.4243 3
3.2894 0.2214 3
3.2034 -1.2083 3
1.7013 -5.4157 3
-2.4539 -2.2191 3
-0.1814 -1.6810 3
7.9510 -7.7068 3
5.5492 -3.6220 3
3.3944 -2.5310 3
1.6177 0.2863 3
4.2128 0.3346 3
0.6814 -0.6531 3
6.5451 -7.5955 3
1.0230 -2.5118 3
7.3486 -3.3891 3
1.8664 -1.6886 3
8.1444 0.3206 3
3.4679 -3.1901 3
2.2566 -2.0709 3
3.6641 -2.4988 3
-0.8271 -1.3752 3
2.9630 -7.5392 3
7.1073 -8.1413 3
-0.9842 -3.1853 3
3.5646 -1.8450 3
-1.5603 -2.9799 3
3.1646 -9.1010 3
4.7507 -3.7514 3
2.0445 -2.9730 3
5.6773 -9.4748 3
0.3009 -1.2569 3
0.4687 -1.3846 3
4.8083 -4.0075 3
7.2324 -5.9285 3
-0.3161 -1.8206 3
8.1057 -8.4729 3
8.1390 -10.8051 3
4.7523 -4.0317 3
9.3453 -7.2034 3
2.7012 -3.1006 3
0.0698 -1.0138 3
9.4016 -7.7529 3
5.0853 -3.2529 3
8.2164 -5.7756 3
4.8750 -3.9855 3
5.1638 -5.6811 3
3.9984 -5.9092 3
9.2365 -7.6891 3
5.0223 -3.5876 3
1.5510 -0.6307 3
7.7620 -8.1821 3
6.9250 -4.9204 3
5.3190 -5.9337 3
4.5217 1.6147 3
7.6505 -5.2777 3
-1.5128 -1.3688 3
4.2824 -0.1600 3
-3.9513 -4.2374 3
-0.9317 -2.8591 3
-1.3777 -1.6488 3
4.8775 -3.4290 3
5.8745 -3.4123 3
3.0018 -3.4577 3
2.1070 -2.3656 3
-2.5718 -5.3326 3
9.8255 -6.5407 3
-0.0946 0.2382 3
3.0358 -3.6025 3
2.0351 -1.2409 3
3.5768 -1.5477 3
8.6998 -4.7900 3
2.1940 -0.8791 3
8.0602 -5.3967 3
5.5723 -6.5094 3
5.8087 -1.7973 3
5.4185 -9.1312 3
7.4362 -0.6211 3
0.4056 -3.3352 3
5.4931 -2.4877 3
7.9276 -5.5028 3
3.6950 0.4444 3
-0.1803 -4.2631 3
1.9925 -3.1616 3
3.8140 -2.5910 3
2.7566 -5.7258 3
4.9533 -5.0982 3
3.6395 -2.0107 3
8.6035 -11.2605 3
-1.7682 3.7043 3
5.6055 -7.2969 3
4.9443 -2.8506 3
1.8119 -0.5062 3
6.3555 -1.6471 3
3.9538 -9.2137 3
6.9735 -7.4092 3
6.0888 -2.3304 3
-2.7360 -3.1796 3
3.7812 -3.4771 3
7.1635 -2.9407 3
9.9402 -7.4601 3
4.7808 -3.5535 3
7.2013 -6.0186 3
8.0017 -4.8947 3
4.3562 -2.9614 3
-1.5712 -0.1496 3
4.5099 -3.9639 3
0.5742 -0.6314 3
2.8937 -4.0030 3
8.0554 -8.6106 3
6.9897 -11.2672 3
-2.0052 1.8688 3
3.6400 -1.6677 3
4.8081 -3.3243 3
4.4186 -3.0125 3
8.1673 -7.9619 3
6.0937 -1.7283 3
8.9431 -5.4650 3
4.3607 -0.8533 3
-0.3298 -1.2143 3
1.4778 -1.1588 3
3.7581 0.3526 3
7.9918 -7.9018 3
1.6556 -5.7725 3
2.3854 -2.5742 3
6.4807 -4.5835 3
7.1234 -8.2704 3
7.2021 -0.8935 3
6.8724 -6.9364 3
1.4700 -3.1384 3
6.8382 -7.5903 3
6.5497 -1.8216 3
6.1415 -8.7479 3
6.2350 -0.7524 3
3.7049 -4.3887 3
3.5587 -0.9913 3
7.2839 -2.7078 3
2.2910 1.1980 3
7.8303 -4.5076 3
5.0757 -3.6759 3
4.9749 -0.2468 3
6.7457 -7.1421 3
6.8402 -5.7940 3
3.5183 -2.9203 3
2.3676 0.8805 3
7.8279 -5.6305 3
5.5664 -8.9744 3
-1.3499 0.7510 3
4.7185 -2.5477 3
2.4925 -0.1807 3
3.0847 -1.6685 3
8.0446 -8.3973 3
5.0176 -4.7504 3
5.2972 -1.1036 3
6.1659 -1.9769 3
8.3012 -2.2146 3
6.2650 -5.0813 3
3.4885 -7.3871 3
8.2689 -3.7351 3
-1.3329 -1.3469 3
5.7011 -9.5850 3
5.5735 -0.9629 3
5.2363 0.2650 3
5.3227 0.3842 3
6.8502 -10.8008 3
6.4948 -5.2533 3
0.2509 -4.3827 3
6.7576 -6.2265 3
0.2255 1.4265 3
4.2032 -7.5466 3
7.5538 -4.4863 3
4.7931 -4.6876 3
5.0077 -3.0681 3
9.7015 -7.6651 3
3.7267 -3.9275 3
6.8961 -10.1767 3
7.2957 -5.1920 3
2.4323 -5.1628 3
3.4846 -1.9499 3
6.3528 -4.1001 3
-1.9082 0.5625 3
5.5577 0.4957 3
1.4507 -4.6013 3
3.0419 -4.2415 3
5.5254 -7.4575 3
-0.3103 -0.2303 3
6.1633 -7.6684 3
6.4193 -4.2257 3
-0.6046 -0.1468 3
-1.6955 -4.1002 3
5.9743 -1.9746 3
5.3326 -4.4720 3
3.3641 -4.2388 3
3.6218 -6.6759 3
3.5455 -8.2984 3
0.8883 -3.0771 3
3.9909 -4.1137 3
-0.0168 -2.1100 3
-0.3243 -2.2280 3
8.4026 -6.8220 3
10.4810 -9.0697 3
5.3272 -9.3787 3
5.7928 0.2360 3
1.3736 -3.2490 3
4.4625 -9.7227 3
5.3115 -3.5651 3
2.9370 -2.2720 3
-1.8924 -3.6630 3
-0.6896 -4.6620 3
2.9789 -5.3580 3
6.1020 -4.4421 3
5.9380 -5.6615 3
6.1064 -2.3363 3
7.6933 -8.1972 3
5.4529 -5.4863 3
5.1624 -5.2756 3
4.7833 -2.3299 3
2.2924 -1.8142 3
4.5456 -0.9666 3
6.1455 -4.8413 3
6.3441 -4.5195 3
-2.5002 -1.7908 3
8.6344 -8.1145 3
9.3246 -5.2187 3
5.3551 -9.1589 3
6.7744 -7.9455 3
0.8345 -2.8592 3
5.5694 -5.2907 3
7.6124 -2.4067 3
7.4024 -7.7631 3
5.8624 -4.4476 3
6.4393 -3.9432 3
8.4391 -7.0669 3
7.6576 -2.3468 3
5.8612 -6.3370 3
7.1762 -5.0876 3
-0.3983 -3.5237 3
2.0839 -0.0389 3
-0.1068 -0.8786 3
5.5038 -3.9151 3
3.5691 -3.7688 3
3.1317 -5.5988 3
3.2676 0.5842 3
6.8439 -2.8494 3
9.2471 -5.6917 3
2.9103 -3.9783 3
-0.6297 -0.9109 3
2.7453 -2.6440 3
2.0336 -1.6025 3
1.0990 -4.0962 3
6.5894 -6.1617 3
7.7804 -8.6341 3
1.0853 0.6787 3
-2.8127 -0.2392 3
-1.0263 -0.4418 3
0.4754 -3.5759 3
0.4867 -3.2988 3
2.7210 -5.1427 3
3.7720 -3.6917 3
6.2889 -3.3385 3
-0.6087 -4.4264 3
8.4534 -2.1667 3
3.6124 -2.9849 3
5.6614 -10.7253 3
8.5850 -7.6681 3
4.4101 -3.1190 3
5.2060 -8.7343 3
5.3111 -0.5182 3
0.9312 -1.3453 3
0.2380 -2.7431 3
-0.7715 0.1250 3
3.1548 -1.2882 3
5.0451 -1.5786 3
3.0469 -3.9607 3
4.7922 -3.2514 3
7.7995 -2.4153 3
1.1156 -1.2830 3
6.7523 -5.0585 3
5.4065 -7.1319 3
-3.5413 0.4290 3
2.3703 -4.7990 3
5.0557 -1.7284 3
5.5795 -6.1582 3
5.2605 -2.8803 3
5.0747 -6.9156 3
2.4635 -3.1496 3
4.6948 -7.9902 3
7.4989 -5.0567 3
6.3451 -3.5766 3
5.8884 -9.6254 3
10.5766 -5.1497 3
6.3295 -9.5512 3
5.6320 -5.6374 3
-2.6283 2.7205 3
0.7929 -3.6502 3
3.4843 -1.6776 3
4.5826 -5.4526 3
5.9989 1.2419 3
3.1648 -2.9580 3
0.2792 -2.9083 3
1.0830 -0.1994 3
3.1881 -2.1912 3
8.9326 -6.4282 3
1.1759 -0.0595 3
8.3601 -5.3195 3
8.9392 -4.4083 3
7.8289 -9.1430 3
4.9031 -4.8893 3
8.6088 -8.5876 3
6.5870 -4.7479 3
6.7057 -3.5229 3
7.8480 -7.0770 3
8.5255 -6.7669 3
7.9208 -8.3936 3
7.3904 -0.0237 3
2.3578 -1.3240 3
5.2505 -4.8632 3
-1.9501 -3.0168 3
7.1206 -7.1767 3
-3.3631 -4.8249 3
5.9177 -7.8770 3
4.9780 -9.0719 3
3.9483 -3.0407 3
1.7638 -2.0030 3
-0.6886 1.4684 3
1.4957 -1.0890 3
7.7724 -3.8940 3
7.8025 -5.0756 3
1.8306 -0.6612 3
3.0662 -2.3764 3
4.5001 -2.9941 3
-0.9146 0.1528 3
-0.3979 -0.2377 3
5.9863 -6.0423 3
2.6508 -2.8175 3
5.2904 -9.4991 3
-0.0897 -1.4325 3
5.8563 -7.6555 3
2.1785 -0.5318 3
7.1267 -7.1030 3
6.5403 -9.3335 3
3.7418 -5.6794 3
3.6921 -5.5701 3
7.0761 -7.1946 3
6.4051 -6.1391 3
3.6412 -0.5856 3
0.6072 -3.6873 3
6.5642 -5.6409 3
3.8659 -8.6585 3
-1.2200 -4.0516 3
1.1922 -2.9873 3
3.3758 -5.1799 3
1.9591 1.4560 3
0.1348 -2.0686 3
1.5883 -3.8532 3
7.3340 -4.2246 3
2.5429 -2.2656 3
5.4255 -3.6225 3
4.6557 -6.5803 3
8.2670 -5.1610 3
1.0512 0.6921 3
4.7180 -5.7081 3
5.1749 -5.4424 3
6.6576 -3.4331 3
1.5272 0.7764 3
2.2348 -2.3942 3
4.0427 -1.9857 3
5.4552 -6.1408 3
6.0121 -4.0391 3
5.8991 -7.2272 3
9.1778 -8.0621 3
2.6601 -2.7402 3
7.2733 -10.8057 3
-0.6254 2.0128 3
7.9149 -6.9916 3
7.2937 -6.1109 3
6.2901 -6.7586 3
2.4060 -1.5218 3
8.0192 -7.3802 3
2.2515 -1.2215 3
4.1168 -5.5440 3
7.9198 -9.2431 3
6.9636 -5.7461 3
2.3317 -1.6537 3
4.3186 -5.3822 3
8.7346 -7.6625 3
7.2523 -7.1596 3
4.6725 -5.8539 3
-0.1374 2.0045 3
4.7853 -5.5012 3
4.1857 -1.7824 3
3.6845 -6.9799 3
5.1607 -8.0321 3
7.7887 -5.5320 3
0.8140 -0.2318 3
6.4534 -1.5979 3
1.4305 -0.5282 3
6.2254 -7.6181 3
8.1165 -6.5453 3
8.4200 -4.4914 3
-2.8818 0.2199 3
2.0361 -0.3636 3
1.8370 0.5580 3
7.1260 -8.4613 3
7.4794 -0.9080 3
-4.6175 -2.9475 3
1.3274 -2.9008 3
0.7135 -3.7066 3
7.6946 -8.1644 3
4.9147 -5.3822 3
4.6479 -7.4197 3
-2.4307 1.7550 3
-1.1228 -4.5198 3
1.4661 -3.6714 3
4.9605 -3.8230 3
0.7215 -1.2429 3
4.7979 0.9383 3
7.0831 -5.1430 3
6.4031 -4.4913 3
9.0135 -8.9657 3
1.8877 -7.3308 3
7.6368 -10.8080 3
5.4416 -8.2771 3
2.8053 -4.1789 3
5.6382 -2.3368 3
8.1033 -9.1032 3
0.4927 0.9013 3
4.7286 -8.8647 3
3.2442 -1.7567 3
1.6565 -1.2209 3
-1.4361 -0.6266 3
8.9203 -5.3714 3
-0.9865 -3.5419 3
0.6373 -3.6455 3
-0.1719 -1.9151 3
5.1188 -2.3379 3
5.3004 -1.7346 3
2.8101 -2.7102 3
1.4604 -3.0096 3
6.5455 -6.2712 3
5.8279 -9.6613 3
-1.6440 3.9762 3
4.7015 -9.2559 3
2.2654 -1.1132 3
0.9622 -1.0967 3
7.2932 -5.9812 3
7.2295 -7.3593 3
6.1110 -8.7784 3
4.7723 -4.5851 3
6.6784 -5.5531 3
-1.2090 -2.3088 3
4.4993 -8.4678 3
2.0670 -2.0498 3
4.6032 -3.6367 3
3.9817 -1.3271 3
6.5968 -7.3750 3
-0.8186 -2.1825 3
-0.9132 -2.2535 3
-0.3743 -0.4214 3
4.9967 -2.9424 3
4.8503 -7.5599 3
5.6758 -4.4256 3
6.7199 -10.6329 3
8.4838 -9.9717 3
-0.5830 -3.6287 3
2.0381 -6.4169 3
1.1790 -0.1466 3
4.6230 -0.8610 3
7.1771 -2.3859 3
3.0360 -8.5512 3
5.0074 -6.5659 3
6.4675 -3.3410 3
4.5039 -6.4635 3
7.3201 -4.6718 3
3.3437 -6.0783 3
1.0409 -2.7349 3
5.9542 -7.1812 3
7.9828 -9.5844 3
2.6397 -1.8757 3
-0.0116 -1.0777 3
-0.5871 -4.6455 3
1.0585 1.0350 3
5.8884 -4.8851 3
7.6656 -7.9126 3
8.2345 -10.2151 3
4.9959 -8.5702 3
8.1137 -9.2697 3
6.0191 -8.9590 3
2.5551 -2.2678 3
2.6334 -3.8350 3
2.5149 -1.8607 3
5.6284 -4.0135 3
-2.3855 -1.5721 3
2.3166 2.0683 3
7.2090 -5.9901 3
3.8723 -1.3060 3
2.5567 -6.7737 3
8.1317 -3.0811 3
0.1467 -1.0017 3
0.8556 -0.9691 3
4.4228 -10.1017 3
3.5428 -4.3858 3
-1.2466 0.0990 3
-1.1796 -1.8002 3
-0.8953 -2.1834 3
3.8029 -3.0005 3
-0.2025 -5.5244 3
4.0745 -6.0031 3
-1.2984 -1.2499 3
0.4877 -5.5188 3
9.6271 -8.9564 3
-0.4006 0.2811 3
6.9526 -4.6484 3
5.1669 -5.8073 3
-0.4646 -4.8463 3
6.3331 -2.3808 3
5.0246 -1.5936 3
-1.2649 -3.9198 3
3.4665 -0.0225 3
3.1014 -2.6885 3
5.9765 -1.1069 3
9.0714 -5.0013 3
5.4461 -2.8439 3
-0.9214 -0.2382 3
2.4502 0.4852 3
5.0912 -1.1146 3
5.4146 -4.3525 3
-0.0761 2.1999 3
3.7825 -8.6186 3
7.1765 -5.0329 3
5.3377 -6.8700 3
1.8970 -2.5896 3
7.8511 -4.6699 3
0.9491 -0.0048 3
5.6644 -10.1034 3
7.2970 -7.0158 3
-0.3772 -1.9698 3
5.9740 -5.9987 3
4.2918 -6.5339 3
7.0778 -4.1090 3
-0.0598 -0.8415 3
7.6334 -5.9092 3
1.4342 -2.3498 3
8.4991 -9.3273 3
2.9485 -1.9410 3
7.2023 -1.3976 3
5.7174 -8.8745 3
1.2738 -2.0486 3
3.6866 -3.9295 3
-0.0724 -3.4821 3
4.6443 -1.9697 3
5.2836 -9.1550 3
4.0451 -2.9450 3
8.1947 -3.9131 3
1.8745 -1.4947 3
6.7867 -5.2914 3
4.1861 -3.6996 3
5.2117 -9.5422 3
7.4581 -9.7576 3
-4.3316 -0.5238 3
3.3171 -6.2585 3
-0.4705 -3.6517 3
5.8174 -5.7343 3
5.0582 -0.4753 3
2.0619 -3.5547 3
7.6555 -5.5658 3
5.1114 -9.5304 3
0.2811 1.2683 3
2.4726 -0.4259 3
8.3103 -6.1721 3
0.6137 -0.2399 3
4.1379 -1.4068 3
5.7090 -9.3858 3
6.8195 -10.1989 3
4.6195 -5.0771 3
-2.0109 -1.9411 3
0.2271 -1.2112 3
6.0972 -4.7908 3
-0.0952 -3.6380 3
4.9899 -6.2501 3
1.7386 -2.3145 3
1.9435 0.7883 3
7.0972 -7.1316 3
4.3238 -3.1416 3
5.2182 -3.1168 3
-0.2283 -6.8171 3
0.5932 -1.9945 3
3.4173 -3.9691 3
6.4095 -8.1266 3
9.1770 -4.6857 3
0.3689 -2.9895 3
1.0336 0.9346 3
6.7668 -4.9892 3
0.7504 -4.0075 3
7.1836 -4.2375 3
7.5715 -4.3961 3
-2.6273 -2.3485 3
3.1183 -0.8706 3
2.8799 0.9112 3
5.1747 -4.6625 3
6.4449 -3.5721 3
3.5644 -1.1866 3
2.7183 -7.2205 3
-0.1483 -1.6444 3
8.9184 -5.7842 3
3.2987 -1.1350 3
0.7793 -3.4498 3
7.8591 -8.2570 3
4.5131 -2.2542 3
3.9976 -5.6655 3
5.9919 -1.5434 3
0.4180 0.3865 3
9.3909 -7.7969 3
4.7525 -6.1942 3
5.3207 -5.1766 3
6.4591 -8.3460 3
2.7746 -2.7720 3
8.8108 -10.6585 3
7.0633 -6.5871 3
-1.6635 1.0962 3
2.3107 -2.6144 3
6.5427 -8.9703 3
5.7016 -0.9042 3
3.1297 -7.5140 3
4.5726 -0.7776 3
1.5105 0.1230 3
4.5926 0.9511 3
6.3814 -0.1119 3
-0.6684 -3.5321 3
1.5759 1.9662 3
1.9660 -2.5690 3
4.3769 -4.7385 3
3.8820 -5.7608 3
4.6167 -5.2279 3
5.5810 -7.1059 3
1.0817 -0.6004 3
-0.1622 -1.5952 3
7.1196 -5.2157 3
-1.4991 -1.1273 3
9.0558 -8.9550 3
2.3363 -4.7826 3
8.1448 -2.8071 3
5.7750 -4.0760 3
-3.1984 -0.4487 3
3.2360 -2.0002 3
-3.0708 0.1174 3
4.6753 -3.9385 3
8.4087 -4.2162 3
9.8794 -3.5857 3
6.7951 -4.8235 3
6.9939 -7.1941 3
6.2328 -5.0363 3
-2.2237 -4.6443 3
6.1328 -3.0581 3
4.6476 -0.5732 3
5.7415 -7.0494 3
8.6903 -5.7895 3
3.4150 -2.1668 3
2.6055 -1.1006 3
1.3625 -1.4953 3
-2.3486 -0.5634 3
4.3268 -4.5774 3
3.6646 -5.2261 3
0.2021 1.1669 3
3.1631 -2.1972 3
1.7357 -0.2044 3
0.9153 -1.2377 3
4.5285 -0.4414 3
1.5092 -2.3725 3
0.4559 -2.1628 3
9.4003 -7.0339 3
-1.0957 -2.3867 3
4.8002 -7.5758 3
6.8163 1.1475 3
3.1906 -3.7446 3
4.1677 -0.7050 3
0.8259 -2.7259 3
8.0607 -4.9107 3
7.1893 -4.8037 3
-2.6136 -2.1467 3
1.1765 -7.2869 3
3.7517 2.1590 3
7.6708 -6.3156 3
5.7833 -9.5001 3
5.4471 -11.0071 3
-4.1305 0.9691 3
2.1720 -4.3723 3
-1.3439 -2.6464 3
0.5565 -1.6729 3
3.4920 -2.4260 3
0.9444 -2.9648 3
5.9098 -5.5597 3
5.4231 -7.1079 3
2.9823 -7.8559 3
6.8258 -4.7291 3
4.0526 -4.4349 3
6.6289 -1.7772 3
4.6074 -1.3749 3
6.1939 -6.6836 3
6.9154 -7.8269 3
5.9707 -2.4814 3
0.0958 -0.1913 3
3.3495 -4.4268 3
-1.4915 -3.4616 3
4.7958 -1.2166 3
-2.4510 -1.5928 3
8.8356 -2.3130 3
2.4426 -1.5479 3
0.0862 0.9261 3
3.7275 -2.3327 3
1.6561 -2.9402 3
7.2402 -6.8438 3
6.3994 -4.8343 3
4.5046 -7.0962 3
4.1145 -1.0686 3
0.8779 -4.6575 3
8.1236 -11.6299 3
7.9547 -7.5195 3
6.5849 -5.6705 3
-1.7087 -6.1355 3
3.1446 -5.7964 3
9.2715 -3.6727 3
8.4123 -6.3214 3
-1.1520 0.3154 3
7.5291 -5.3868 3
0.1353 -1.9977 3
3.1839 -7.3844 3
2.9345 -4.4870 3
-0.1187 0.0053 3
1.7223 -3.0035 3
-1.1520 -2.2788 3
-1.8783 -3.3537 3
-0.7159 -3.1480 3
5.2581 -7.8324 3
8.9532 -7.1707 3
6.7610 -9.9753 3
4.1626 -5.0866 3
7.3206 -5.4809 3
6.0733 -0.8255 3
-0.5085 -2.1768 3
4.9817 -2.6710 3
5.2979 -5.8038 3
9.8539 -10.5147 3
6.2770 -1.9720 3
8.5667 -6.1184 3
1.2779 -0.1023 3
7.7644 -8.4587 3
6.8519 -2.1512 3
1.4516 -2.1513 3
10.3233 -3.6204 3
3.4685 -6.2514 3
7.5067 -4.3582 3
9.0416 -3.7374 3
4.6056 -8.2258 3
3.1636 -6.5484 3
-0.0510 1.3433 3
5.5834 -6.5615 3
0.7854 -2.6844 3
2.1300 -1.5878 3
4.4359 0.4538 3
4.7048 -4.0270 3
4.8218 -3.7469 3
7.1556 -7.1928 3
7.4076 -4.1724 3
5.5922 -3.5523 3
3.1671 -0.7706 3
8.3091 -0.2899 3
7.5647 -7.0621 3
6.1226 -3.3524 3
10.6765 -4.3140 3
-0.1383 -0.7104 3
-0.3235 -4.3753 3
-0.1316 -4.7861 3
0.7480 0.9859 3
4.8149 -6.8261 3
1.0004 -2.1580 3
3.8630 -5.0963 3
3.2106 -2.8165 3
5.3941 -3.9708 3
4.2727 -3.1186 3
6.5539 -3.3627 3
2.7757 -4.1121 3
0.1855 -1.2124 3
7.1873 -7.8480 3
6.2547 -5.0471 3
2.5541 -5.7847 3
0.3685 0.3840 3
8.9634 1.0762 3
3.6284 -6.4124 3
3.4358 -2.2215 3
4.2394 -8.5609 3
7.1316 -3.9139 3
5.1160 -3.7815 3
6.4003 -0.7781 3
0.4406 0.2678 3
0.8250 -2.4338 3
6.6612 -6.8116 3
-2.1932 -0.8017 3
0.3093 -0.8949 3
3.4405 -0.0128 3
2.7837 -5.0612 3
5.0386 -4.5149 3
1.1176 -0.5450 3
5.0168 -1.8460 3
-1.0018 -0.0244 3
7.2781 -2.4808 3
5.6913 -1.8722 3
3.6982 -3.9356 3
0.9554 -2.1762 3
2.8655 -1.3175 3
5.3157 -1.2826 3
7.4750 -10.2316 3
3.9298 -3.9760 3
2.1833 0.2691 3
0.3863 -2.0369 3
4.1741 -6.6556 3
-0.3146 -1.4904 3
1.0836 -1.7226 3
1.7046 -1.9504 3
4.2668 -6.0679 3
8.0683 -3.1110 3
3.9437 -1.0716 3
7.1275 -5.7008 3
5.1125 -9.0960 3
3.5987 -1.7894 3
-0.9038 -1.3452 3
5.9817 -10.2986 3
4.9922 -7.5338 3
4.9433 -4.1788 3
3.4708 -3.6470 3
7.2154 -3.9702 3
7.8255 -5.2837 3
3.8490 -3.4379 3
-2.5142 -3.3055 3
7.4809 -5.3841 3
5.2090 0.0321 3
0.6874 -0.5065 3
-3.0019 -4.8877 3
6.2228 -3.4021 3
1.1182 -5.5344 3
8.3641 -7.0152 3
3.0026 -3.8326 3
-1.5187 -2.9377 3
-1.4841 -0.1100 3
2.5652 -4.2764 3
-2.2368 -5.2730 3
-1.2472 -2.9056 3
5.7810 -8.0126 3
-1.1365 0.2597 3
9.6495 -5.1659 3
8.1233 -5.4943 3
5.7906 -3.6783 3
3.9992 -6.9153 3
5.7455 -7.5303 3
8.5902 -5.3077 3
4.7866 -7.6544 3
8.0750 -7.5270 3
4.5061 -7.8627 3
1.5116 -2.5068 3
8.5245 -5.5265 3
-2.0905 1.2374 3
4.4771 -1.1212 3
0.1693 -3.1916 3
5.1984 -2.1060 3
1.6463 -2.5425 3
0.5270 -1.9002 3
0.9622 1.1393 3
1.5791 -1.4223 3
-2.8259 -3.5607 3
2.6956 -6.7223 3
3.7079 -0.3923 3
5.8689 -3.8344 3
1.2517 -1.6338 3
2.2025 -7.4120 3
6.5470 -7.0859 3
5.1018 -8.5051 3
5.7934 -5.3751 3
4.2823 -3.8401 3
-2.2514 -0.1598 3
6.4833 -9.6433 3
1.5742 -2.7309 3
2.4853 -3.3247 3
5.4695 -3.5490 3
1.6645 -2.5917 3
6.5217 -10.0948 3
4.5470 -4.8277 3
1.6918 -6.9173 3
0.5873 -0.8126 3
8.9618 -9.4392 3
2.1053 -4.5022 3
-0.4509 -4.0299 3
7.1960 -3.7453 3
9.0803 -10.0693 3
3.8569 -9.0488 3
3.9829 -11.1990 3
3.5432 -0.7433 3
1.3336 -0.4527 3
6.9741 -10.8926 3
7.7535 -7.1616 3
6.8222 -4.3688 3
0.3740 -0.5124 3
1.4318 -7.9611 3
3.6088 -1.7006 3
1.4885 -1.9856 3
3.3813 -2.0226 3
4.9204 -12.4963 3
1.1132 -2.4044 3
2.7268 -0.9771 3
4.9340 -1.8164 3
7.0643 -8.3747 3
10.2884 -4.8070 3
3.8495 -6.8443 3
5.5397 -4.7456 3
6.1050 -3.0730 3
-0.6060 -6.6922 3
6.9986 -6.5197 3
6.8636 -7.5446 3
4.4149 -3.3751 3
2.0200 -1.0346 3
-1.4129 -3.3377 3
1.2335 -2.5586 3
3.1513 0.8628 3
2.6784 -3.9149 3
0.6283 -2.8273 3
4.4819 -0.5664 3
8.1784 -8.7192 3
6.0525 -4.5607 3
0.2505 2.0810 3
6.4350 -4.8206 3
2.5850 -0.5810 3
7.3708 -7.9281 3
2.6964 -2.2750 3
5.1750 -9.9296 3
6.0083 -6.0804 3
0.5734 -2.6184 3
9.9667 -7.2163 3
7.9466 -8.8273 3
5.0192 -10.8945 3
9.6222 -3.5525 3
3.8949 -1.6684 3
1.3758 1.4712 3
1.1987 -2.7456 3
6.0610 -10.2881 3
5.7439 -2.2580 3
-1.5718 -1.0628 3
5.1640 -3.4037 3
5.4452 -7.0055 3
1.9540 -4.3221 3
1.9304 1.2379 3
-2.7116 2.6593 3
1.9173 -2.9371 3
5.0154 -4.9697 3
0.7175 1.3192 3
6.1839 -5.1613 3
-0.3638 -3.3976 3
1.0843 -4.5564 3
